Portugal  (147,1469)  (190,1423)
Warsaw  (1306,1059)  (1260,1084)  (1260,1038)  (1338,1013)  (1352,1059)  (1372,1105)
Greece  (1332,1685)
Yorkshire  (667,842)
North Africa  (298,1814)  (252,1859)  (252,1813)  (343,1860)  (344,1799)  (250,1767)  (297,1905)  (251,1905)  (206,1859)  (206,1813)  (389,1845)  (389,1891)  (343,1906)  (205,1906)  (390,1785)  (204,1767)  (420,1937)  (297,1951)  (251,1951)  (160,1860)  (160,1814)  (435,1831)  (435,1877)  (374,1952)  (205,1952)  (159,1952)  (159,1906)  (436,1785)  (158,1768)  (466,1923)  (114,1860)  (114,1814)  (481,1831)  (481,1877)  (113,1952)  (113,1906)  (482,1771)  (512,1923)  (68,1860)  (68,1814)  (527,1817)  (527,1863)  (67,1952)  (67,1906)  (558,1909)  (22,1860)  (22,1814)  (573,1777)  (573,1823)  (21,1952)  (21,1906)  (604,1869)  (604,1915)  (619,1793)  (650,1839)  (650,1885)  (650,1931)  (696,1799)  (696,1845)  (696,1891)  (696,1937)  (742,1813)
Skagerrack  (993,707)  (1036,762)
English Channel  (527,1027)  (481,1046)  (612,1027)  (435,1046)
Ukraine  (1521,1133)  (1475,1140)  (1475,1094)  (1566,1179)  (1521,1087)  (1567,1087)  (1567,1133)  (1520,1186)  (1429,1108)  (1613,1059)  (1613,1105)  (1530,1232)  (1659,1055)  (1659,1101)
Kiel  (948,979)  (993,1025)  (947,1025)  (970,933)  (994,979)
North Atlantic Ocean  (264,630)  (218,675)  (218,629)  (309,676)  (264,584)  (310,584)  (310,630)  (216,583)  (263,721)  (217,721)  (172,675)  (172,629)  (355,676)  (355,722)  (309,722)  (171,722)  (262,538)  (308,538)  (354,538)  (356,584)  (356,630)  (170,583)  (170,537)  (216,537)  (400,494)  (263,767)  (217,767)  (126,676)  (126,630)  (401,676)  (372,768)  (326,768)  (171,768)  (125,768)  (125,722)  (262,492)  (308,492)  (354,492)  (402,540)  (402,586)  (124,584)  (124,538)  (124,492)  (170,491)  (216,491)  (400,448)  (446,448)  (446,494)  (280,813)  (234,813)  (80,676)  (80,630)  (447,632)  (447,678)  (332,814)  (188,814)  (142,814)  (96,814)  (79,768)  (79,722)  (79,446)  (262,446)  (308,446)  (354,446)  (448,540)  (448,586)  (78,584)  (78,538)  (78,492)  (125,445)  (171,445)  (50,843)  (400,402)  (446,402)  (492,402)  (492,448)  (492,494)  (286,859)  (240,859)  (34,676)  (34,630)  (493,632)  (493,678)  (194,860)  (148,860)  (102,860)  (33,797)  (33,751)  (33,446)  (33,400)  (79,400)  (217,400)  (263,400)  (309,400)  (494,540)  (494,586)  (32,584)  (32,538)  (32,492)  (125,399)  (171,399)  (56,889)  (10,889)  (4,843)  (355,356)  (401,356)  (447,356)  (493,356)  (538,402)  (538,448)  (538,494)  (278,905)  (539,355)  (539,632)  (539,678)  (232,906)  (186,906)  (140,906)  (1,354)  (47,354)  (217,354)  (263,354)  (309,354)  (540,540)  (540,586)  (93,353)  (139,353)  (94,935)  (48,935)  (355,310)  (401,310)  (447,310)  (493,310)  (584,401)  (584,447)  (584,493)  (539,309)  (585,315)  (244,952)  (198,952)  (1,308)  (47,308)  (185,308)  (231,308)  (277,308)  (586,539)  (93,307)  (139,307)  (323,264)  (369,264)  (415,264)  (461,264)  (507,263)  (553,263)  (1,262)  (47,262)  (185,262)  (231,262)  (277,262)  (93,261)  (139,261)  (323,218)  (369,218)  (415,218)  (1,216)  (47,216)  (185,216)  (231,216)  (277,216)  (93,215)  (139,215)  (323,172)  (369,172)  (1,170)  (47,170)  (185,170)  (231,170)  (277,170)  (93,169)  (139,169)  (323,126)  (1,124)  (47,124)  (185,124)  (231,124)  (277,124)  (93,123)  (139,123)  (369,100)  (323,80)  (1,78)  (47,78)  (185,78)  (231,78)  (277,78)  (93,77)  (139,77)  (369,54)  (323,34)  (1,32)  (47,32)  (185,32)  (231,32)  (277,32)  (93,31)  (139,31)  (369,8)
Marseilles  (703,1389)  (749,1353)  (749,1399)
Brest  (553,1138)  (577,1184)  (599,1107)
Liverpool  (628,850)  (600,762)  (514,752)  (480,807)
Denmark  (972,807)
Vienna  (1168,1262)  (1192,1216)
Bohemia  (1103,1160)  (1057,1138)  (1149,1157)
Berlin  (1074,952)
Black Sea  (1744,1457)  (1698,1502)  (1698,1456)  (1790,1429)  (1790,1475)  (1696,1410)  (1683,1548)  (1652,1502)  (1652,1456)  (1836,1395)  (1836,1441)  (1836,1487)  (1650,1410)  (1658,1364)  (1637,1563)  (1606,1517)  (1882,1388)  (1882,1434)  (1882,1480)  (1842,1302)  (1928,1402)  (1928,1448)  (1928,1494)  (1974,1435)  (1974,1481)  (2020,1449)  (2020,1495)
Eastern Mediterranean  (1695,1916)  (1649,1952)  (1649,1906)  (1710,1870)  (1741,1916)  (1756,1861)  (1603,1952)  (1787,1907)  (1802,1861)  (1557,1952)  (1833,1907)  (1848,1853)  (1879,1899)  (1879,1945)  (1894,1831)
Irish Sea  (394,934)  (348,979)  (348,933)  (413,980)  (440,891)  (459,937)  (302,1000)  (516,867)  (576,821)
Wales  (580,910)
Apulia  (1095,1583)
Trieste  (1134,1402)  (1088,1358)  (1179,1448)  (1210,1494)
Picardy  (690,1093)  (736,1104)
Naples  (1094,1650)
Armenia  (2127,1559)  (2081,1574)  (2172,1605)  (2116,1513)  (2173,1557)  (2126,1620)  (2218,1603)  (2218,1649)  (2172,1651)  (2126,1666)  (2236,1695)  (2264,1589)  (2264,1635)  (2190,1697)  (2282,1681)  (2310,1589)  (2310,1635)  (2328,1681)  (2356,1573)  (2356,1619)  (2374,1665)  (2402,1580)  (2420,1626)  (2420,1672)  (2466,1611)  (2466,1657)  (2512,1611)  (2512,1657)
Silesia  (1156,1067)  (1110,1032)
Tuscany  (927,1473)
Paris  (656,1202)  (631,1248)  (702,1173)
Clyde  (604,650)
North Sea  (798,732)  (752,777)  (752,731)  (843,778)  (798,686)  (844,686)  (844,732)  (750,685)  (797,823)  (751,823)  (706,777)  (706,731)  (889,778)  (843,824)  (796,640)  (842,640)  (890,694)  (728,639)  (888,616)  (797,869)  (751,869)  (774,594)  (820,594)  (866,570)  (802,915)  (756,915)  (788,548)  (852,524)  (764,961)
Iceland  (493,142)  (447,140)  (539,127)
Ionian Sea  (1143,1875)  (1097,1920)  (1097,1874)  (1188,1921)  (1143,1829)  (1189,1829)  (1189,1875)  (1095,1828)  (1051,1952)  (1051,1906)  (1234,1921)  (1141,1783)  (1187,1783)  (1233,1783)  (1235,1829)  (1235,1875)  (1020,1860)  (1279,1775)  (1005,1952)  (1005,1906)  (1280,1921)  (1176,1737)  (1222,1737)  (1281,1821)  (1281,1867)  (974,1860)  (959,1952)  (959,1906)  (1326,1913)  (1232,1691)  (956,1814)  (928,1860)  (913,1952)  (913,1906)  (1372,1880)  (1372,1926)
Edinburgh  (643,668)
Western Mediterranean  (535,1692)  (489,1718)  (489,1672)  (556,1646)  (581,1692)  (602,1645)  (443,1722)  (627,1691)  (648,1631)  (652,1737)  (397,1728)  (673,1677)  (694,1629)  (698,1723)  (351,1734)  (719,1675)  (744,1721)  (305,1720)  (765,1647)  (790,1712)  (259,1710)
Sweden  (1153,611)  (1107,656)  (1154,657)  (1122,565)  (1168,565)  (1108,702)  (1154,703)  (1120,519)  (1166,519)  (1108,748)  (1160,749)  (1120,473)  (1166,473)  (1212,440)  (1114,794)  (1134,427)  (1258,413)  (1184,394)  (1230,367)  (1276,367)  (1216,321)  (1262,321)  (1308,299)  (1242,275)  (1288,253)
Serbia  (1307,1518)  (1326,1564)  (1282,1472)
Livonia  (1391,814)  (1345,820)  (1436,860)  (1416,768)  (1437,814)  (1390,866)  (1450,906)  (1414,722)  (1404,912)  (1400,676)  (1427,958)
Ruhr  (875,1090)
Adriatic Sea  (1094,1515)  (1060,1469)  (1140,1525)  (1149,1571)  (1020,1423)  (1195,1577)  (1218,1623)
Moscow  (1647,887)  (1601,932)  (1601,886)  (1692,933)  (1647,841)  (1693,841)  (1693,887)  (1599,840)  (1646,978)  (1600,978)  (1555,932)  (1555,886)  (1738,933)  (1738,979)  (1692,979)  (1554,979)  (1645,795)  (1691,795)  (1737,795)  (1739,841)  (1739,887)  (1553,840)  (1783,751)  (1509,933)  (1784,933)  (1508,1024)  (1785,797)  (1785,843)  (1758,705)  (1804,705)  (1829,751)  (1830,889)  (1830,935)  (1462,1028)  (1831,797)  (1831,843)  (1850,684)  (1786,659)  (1875,730)  (1876,889)  (1876,935)  (1877,776)  (1877,822)  (1896,643)  (1921,689)  (1922,868)  (1922,914)  (1923,735)  (1923,781)  (1942,641)  (1967,687)  (1968,827)  (1968,873)  (1968,919)  (1969,733)  (1969,779)  (1988,635)  (2013,681)  (2014,825)  (2014,871)  (2015,727)  (2015,773)  (2034,619)  (2059,665)  (2060,819)  (2060,865)  (2061,711)  (2061,757)  (2080,603)  (2105,649)  (2106,803)  (2106,849)  (2106,895)  (2107,695)  (2107,741)  (2126,593)  (2151,639)  (2152,787)  (2152,833)  (2152,879)  (2153,685)  (2153,731)  (2164,925)  (2172,579)  (2196,971)  (2197,625)  (2198,777)  (2198,823)  (2198,869)  (2199,671)  (2199,717)  (2210,915)  (2212,1017)  (2218,559)  (2232,1063)  (2242,961)  (2243,605)  (2244,763)  (2244,809)  (2244,855)  (2245,651)  (2245,697)  (2256,901)  (2258,1007)  (2264,537)  (2278,1053)  (2288,947)  (2289,583)  (2290,743)  (2290,789)  (2290,835)  (2291,629)  (2291,675)  (2302,881)  (2304,993)  (2310,511)  (2324,1039)  (2334,927)  (2335,557)  (2336,721)  (2336,767)  (2336,813)  (2337,603)  (2337,649)  (2348,859)  (2350,973)  (2356,485)  (2370,1019)  (2380,905)  (2381,531)  (2382,695)  (2382,741)  (2382,787)  (2383,577)  (2383,623)  (2392,1171)  (2394,833)  (2396,951)  (2402,459)  (2406,1217)  (2412,1065)  (2416,997)  (2426,879)  (2427,505)  (2428,669)  (2428,715)  (2428,761)  (2429,551)  (2429,597)  (2436,1111)  (2438,1165)  (2440,807)  (2442,925)  (2448,435)  (2452,1211)  (2458,1043)  (2462,971)  (2472,853)  (2473,481)  (2474,643)  (2474,689)  (2474,735)  (2475,527)  (2475,573)  (2482,1089)  (2484,1135)  (2486,781)  (2488,899)  (2488,1257)  (2494,411)  (2498,1181)  (2504,1017)  (2508,945)  (2518,827)  (2519,457)  (2520,619)  (2520,665)  (2520,711)  (2521,503)  (2521,549)  (2528,1063)  (2530,1109)  (2532,757)  (2534,873)  (2534,1227)  (2540,389)  (2544,1155)  (2550,991)
Smyrna  (1754,1766)  (1708,1784)  (1798,1720)  (1800,1766)  (1844,1705)  (1662,1798)  (1662,1752)  (1846,1751)  (1616,1788)  (1892,1713)  (1938,1713)  (1954,1759)  (1984,1705)  (2030,1685)
Spain  (332,1502)  (286,1547)  (286,1501)  (377,1548)  (332,1456)  (378,1456)  (378,1502)  (284,1455)  (331,1593)  (285,1593)  (240,1547)  (240,1501)  (423,1548)  (423,1594)  (377,1594)  (239,1594)  (330,1410)  (376,1410)  (422,1410)  (424,1456)  (424,1502)  (468,1407)  (331,1639)  (193,1576)  (308,1364)  (354,1364)  (470,1453)  (470,1499)  (246,1332)  (516,1431)  (516,1477)  (562,1440)
Syria  (2029,1858)  (1983,1903)  (1983,1857)  (2074,1904)  (2029,1812)  (2075,1812)  (2075,1858)  (2028,1949)  (1982,1949)  (2120,1904)  (2120,1950)  (2074,1950)  (2080,1766)  (2121,1812)  (2121,1858)  (2126,1761)  (2166,1904)  (2166,1950)  (2167,1807)  (2167,1853)  (2172,1751)  (2212,1899)  (2212,1945)  (2213,1797)  (2213,1843)  (2218,1751)  (2258,1889)  (2258,1935)  (2259,1797)  (2259,1843)  (2264,1747)  (2304,1889)  (2304,1935)  (2305,1793)  (2305,1839)  (2310,1737)  (2350,1885)  (2350,1931)  (2351,1783)  (2351,1829)  (2356,1729)  (2396,1875)  (2396,1921)  (2397,1775)  (2397,1821)  (2402,1727)  (2442,1867)  (2442,1913)  (2443,1773)  (2443,1819)  (2448,1725)  (2488,1865)  (2488,1911)  (2489,1771)  (2489,1817)  (2494,1721)  (2534,1863)  (2534,1909)  (2535,1767)  (2535,1813)  (2540,1715)
Norwegian Sea  (848,308)  (802,353)  (802,307)  (893,354)  (848,262)  (894,262)  (894,308)  (800,261)  (847,399)  (801,399)  (756,353)  (756,307)  (939,354)  (939,400)  (893,400)  (755,400)  (846,216)  (892,216)  (938,216)  (940,262)  (940,308)  (754,261)  (754,215)  (800,215)  (984,172)  (847,445)  (801,445)  (710,354)  (710,308)  (985,354)  (985,400)  (924,446)  (755,446)  (709,446)  (709,400)  (846,170)  (892,170)  (938,170)  (986,218)  (986,264)  (708,262)  (708,216)  (708,170)  (754,169)  (800,169)  (984,126)  (1030,126)  (1030,172)  (664,326)  (1031,310)  (1031,356)  (725,492)  (679,492)  (663,124)  (846,124)  (892,124)  (938,124)  (1032,218)  (1032,264)  (662,280)  (662,234)  (662,188)  (709,123)  (755,123)  (984,80)  (1030,80)  (1076,80)  (1076,126)  (1076,172)  (1077,310)  (712,538)  (666,538)  (617,80)  (663,78)  (801,78)  (847,78)  (893,78)  (1078,218)  (1078,264)  (616,234)  (616,188)  (709,77)  (755,77)  (573,34)  (939,34)  (985,34)  (1031,34)  (1077,34)  (1122,80)  (1122,126)  (1122,172)  (1123,33)  (619,32)  (801,32)  (847,32)  (893,32)  (1124,218)  (665,31)  (711,31)  (527,48)  (527,2)  (1168,79)  (1168,125)  (1168,171)  (1169,1)  (1214,47)  (1214,93)  (1215,1)  (1260,47)  (1261,1)  (1306,47)  (1307,1)  (1353,1)
Constantinople  (1600,1667)  (1646,1645)  (1646,1691)
Galicia  (1361,1186)  (1315,1180)  (1407,1173)  (1418,1219)
Holland  (837,974)
London  (654,950)
Switzerland  (878,1276)
Burgundy  (774,1231)  (728,1276)  (804,1185)
Gulf of Lyons  (684,1528)  (638,1566)  (729,1574)  (662,1482)  (708,1482)  (730,1528)  (754,1481)  (592,1566)  (775,1574)  (776,1527)  (800,1467)  (546,1581)  (846,1455)  (500,1591)
Ankara  (1835,1613)  (1789,1658)  (1789,1612)  (1835,1567)  (1881,1577)  (1881,1623)  (1787,1566)  (1743,1678)  (1743,1632)  (1927,1577)  (1927,1623)  (1973,1579)  (1973,1625)  (2019,1569)
Barents Sea  (1638,57)  (1592,82)  (1592,36)  (1683,103)  (1638,11)  (1684,11)  (1684,57)  (1546,68)  (1546,22)  (1724,149)  (1730,1)  (1730,47)  (1500,46)  (1776,1)  (1776,47)  (1454,24)  (1822,1)  (1822,47)  (1672,285)  (1626,285)  (1408,14)  (1868,1)
Sevastopol  (1838,1185)  (1792,1230)  (1792,1184)  (1844,1231)  (1838,1139)  (1884,1139)  (1884,1185)  (1790,1138)  (1765,1276)  (1746,1230)  (1746,1184)  (1836,1093)  (1882,1093)  (1928,1093)  (1930,1139)  (1930,1185)  (1744,1138)  (1744,1092)  (1790,1092)  (1938,1257)  (1955,1303)  (1974,1049)  (1700,1272)  (1700,1226)  (1836,1047)  (1882,1047)  (1928,1047)  (1976,1095)  (1976,1141)  (1976,1187)  (1698,1180)  (1780,1046)  (1984,1233)  (2001,1279)  (2001,1325)  (1955,1349)  (1974,1003)  (2020,1003)  (2020,1049)  (1654,1276)  (1654,1230)  (1850,1001)  (2022,1095)  (2022,1141)  (2022,1187)  (2023,1371)  (2030,1233)  (2047,1279)  (2047,1325)  (2038,957)  (2066,1003)  (2066,1049)  (1608,1319)  (1608,1273)  (2068,1095)  (2068,1141)  (2068,1187)  (2069,1371)  (2076,1233)  (2084,948)  (2092,1417)  (2093,1279)  (2093,1325)  (2112,994)  (2112,1040)  (1562,1308)  (2114,1086)  (2114,1132)  (2114,1178)  (2115,1371)  (2122,1224)  (2138,1417)  (2139,1270)  (2139,1316)  (2160,1048)  (2160,1094)  (2160,1140)  (2161,1362)  (2168,1186)  (2184,1408)  (2184,1454)  (2185,1232)  (2185,1278)  (2207,1324)  (2214,1160)  (2216,1500)  (2230,1370)  (2230,1416)  (2262,1462)  (2262,1508)  (2276,1372)  (2308,1418)  (2308,1464)  (2308,1510)  (2354,1425)
Rome  (1021,1573)
Tunis  (820,1860)  (838,1906)  (792,1906)  (824,1814)  (806,1952)
Mid-Atlantic Ocean  (109,1189)  (63,1234)  (63,1188)  (154,1235)  (109,1143)  (155,1143)  (155,1189)  (61,1142)  (108,1280)  (62,1280)  (17,1234)  (17,1188)  (200,1235)  (168,1281)  (16,1281)  (107,1097)  (153,1097)  (199,1097)  (201,1143)  (201,1189)  (15,1142)  (15,1096)  (61,1096)  (245,1053)  (122,1326)  (76,1326)  (246,1235)  (30,1327)  (107,1051)  (153,1051)  (199,1051)  (247,1099)  (247,1145)  (1,1050)  (47,1050)  (146,1372)  (100,1372)  (292,1191)  (292,1237)  (54,1373)  (8,1373)  (93,1005)  (139,1005)  (293,1061)  (293,1107)  (1,1004)  (47,1004)  (105,1418)  (338,1153)  (338,1199)  (338,1245)  (59,1419)  (13,1419)  (339,1077)  (380,1291)  (384,1123)  (384,1169)  (384,1215)  (74,1465)  (28,1465)  (426,1261)  (426,1307)  (430,1105)  (430,1151)  (430,1197)  (74,1511)  (28,1511)  (472,1243)  (472,1289)  (476,1153)  (60,1557)  (14,1557)  (91,1603)  (45,1603)  (140,1615)  (94,1649)  (48,1649)  (2,1649)  (144,1661)  (98,1695)  (52,1695)  (6,1695)  (4,1741)
Budapest  (1303,1325)  (1257,1370)  (1257,1324)  (1348,1371)  (1303,1279)  (1349,1279)  (1349,1325)  (1255,1278)  (1211,1364)  (1395,1281)  (1395,1327)  (1284,1232)  (1441,1343)
Albania  (1265,1618)
Baltic Sea  (1189,845)  (1143,890)  (1208,799)  (1235,845)  (1260,799)
Munich  (952,1163)  (997,1209)  (951,1209)  (952,1117)  (1052,1067)
Finland  (1378,484)  (1332,518)  (1423,530)  (1370,438)  (1416,438)  (1424,484)  (1377,564)  (1331,567)  (1396,392)  (1418,346)  (1396,300)  (1396,254)  (1396,208)  (1426,162)
Gascony  (580,1321)  (534,1366)  (586,1367)  (568,1275)  (626,1307)  (632,1353)
Heligoland Bight  (893,873)
Venice  (962,1379)
St. Petersburg  (1618,624)  (1572,669)  (1572,623)  (1663,670)  (1618,578)  (1664,578)  (1664,624)  (1570,577)  (1617,715)  (1571,715)  (1526,669)  (1687,716)  (1525,716)  (1616,532)  (1662,532)  (1708,532)  (1710,578)  (1710,624)  (1524,578)  (1524,532)  (1570,531)  (1754,488)  (1553,762)  (1494,486)  (1616,486)  (1662,486)  (1708,486)  (1756,534)  (1756,580)  (1540,485)  (1754,442)  (1800,442)  (1800,488)  (1488,440)  (1586,440)  (1632,440)  (1678,440)  (1802,534)  (1802,580)  (1534,439)  (1724,396)  (1770,396)  (1816,396)  (1846,442)  (1846,488)  (1580,394)  (1848,534)  (1848,580)  (1490,393)  (1862,380)  (1738,350)  (1784,350)  (1892,426)  (1892,472)  (1536,348)  (1894,518)  (1894,564)  (1488,347)  (1830,334)  (1876,334)  (1908,380)  (1922,320)  (1744,304)  (1938,426)  (1938,472)  (1534,302)  (1940,518)  (1940,564)  (1484,301)  (1790,288)  (1836,288)  (1954,366)  (1882,274)  (1928,274)  (1968,320)  (1974,268)  (1984,412)  (1984,458)  (1986,504)  (1986,550)  (1484,255)  (1756,242)  (1802,242)  (2000,366)  (1608,232)  (1654,228)  (1848,228)  (1894,228)  (2014,314)  (1530,222)  (1940,222)  (1986,222)  (2020,268)  (2030,412)  (2030,458)  (2032,210)  (2032,504)  (2032,550)  (1800,196)  (2046,360)  (1576,186)  (1622,182)  (1860,182)  (2060,314)  (1512,176)  (1906,176)  (1952,176)  (2066,256)  (2076,406)  (2076,452)  (1998,164)  (2044,164)  (2078,210)  (2078,498)  (2078,544)  (2090,152)  (2092,360)  (1558,140)  (2106,302)  (1872,130)  (1918,130)  (2112,256)  (2122,406)  (2122,452)  (1964,118)  (2010,118)  (2124,198)  (2124,498)  (2056,106)  (2102,106)  (2136,152)  (2138,348)  (2148,94)  (2152,302)  (1906,84)  (2158,244)  (2168,394)  (2168,440)  (1952,72)  (1998,72)  (2170,198)  (2170,486)  (2044,60)  (2090,60)  (2182,140)  (2184,348)  (2136,48)  (2182,48)  (2194,94)  (2198,290)  (2204,244)  (2214,394)  (2214,440)  (1984,26)  (2216,186)  (2216,486)  (2030,14)  (2076,14)  (2228,14)  (2228,140)  (2230,336)  (2122,2)  (2168,2)  (2240,60)  (2244,290)  (2250,232)  (2260,382)  (2260,428)  (2262,186)  (2274,1)  (2274,106)  (2276,336)  (2286,47)  (2290,278)  (2296,232)  (2306,382)  (2306,428)  (2308,152)  (2320,1)  (2320,93)  (2322,324)  (2332,47)  (2336,278)  (2342,198)  (2352,370)  (2354,139)  (2366,1)  (2366,93)  (2368,324)  (2378,47)  (2382,244)  (2388,185)  (2398,370)  (2400,139)  (2412,1)  (2412,93)  (2414,290)  (2424,47)  (2428,231)  (2434,185)  (2444,336)  (2446,139)  (2458,1)  (2458,93)  (2460,277)  (2470,47)  (2474,231)  (2480,185)  (2490,323)  (2492,139)  (2504,1)  (2504,93)  (2506,277)  (2516,47)  (2520,231)  (2526,185)  (2538,139)  (2550,1)  (2550,93)  (2552,277)
Rumania  (1486,1413)  (1440,1430)  (1518,1367)  (1532,1413)  (1394,1428)
Prussia  (1231,952)  (1185,992)  (1185,946)  (1277,949)  (1323,913)
Tyrrhenian Sea  (925,1670)  (879,1715)  (970,1716)  (894,1624)  (940,1624)  (971,1670)  (986,1619)  (916,1761)  (1016,1716)  (894,1578)  (940,1578)  (1017,1665)  (1062,1711)  (902,1532)
Gulf of Bothnia  (1285,651)  (1296,697)  (1278,605)  (1250,701)  (1238,559)  (1252,513)  (1336,369)
Belgium  (785,1046)
Tyrolia  (1048,1265)
Bulgaria  (1452,1522)  (1406,1548)  (1480,1568)  (1498,1499)
Norway  (1002,550)  (1000,596)  (1002,504)  (1048,504)  (1048,550)  (954,637)  (1032,458)  (1358,130)
Aegean Sea  (1445,1693)  (1490,1739)  (1444,1739)  (1458,1647)  (1528,1785)  (1482,1785)  (1436,1815)  (1552,1831)  (1506,1831)  (1460,1861)  (1538,1877)
Piedmont  (856,1367)